     0.000000       0.000000  -0.00000000e+00
     0.050000       0.000000  -4.74802108e-02
     0.100000       0.000000  -8.98500750e-02
     0.150000       0.000000  -1.27022413e-01
     0.200000       0.000000  -1.58935465e-01
     0.250000       0.000000  -1.85552969e-01
     0.300000       0.000000  -2.06864145e-01
     0.350000       0.000000  -2.22883575e-01
     0.400000       0.000000  -2.33651005e-01
     0.450000       0.000000  -2.39231044e-01
     0.500000       0.000000  -2.39712769e-01
     0.550000       0.000000  -2.35209253e-01
     0.600000       0.000000  -2.25856989e-01
     0.650000       0.000000  -2.11815242e-01
     0.700000       0.000000  -1.93265306e-01
     0.750000       0.000000  -1.70409690e-01
     0.800000       0.000000  -1.43471218e-01
     0.850000       0.000000  -1.12692061e-01
     0.900000       0.000000  -7.83326910e-02
     0.950000       0.000000  -4.06707752e-02
     1.000000       0.000000   0.00000000e+00
     0.000000       0.050000   0.00000000e+00
     0.050000       0.050000  -3.50605426e-02
     0.100000       0.050000  -6.75732581e-02
     0.150000       0.050000  -9.65137434e-02
     0.200000       0.050000  -1.21397902e-01
     0.250000       0.050000  -1.41971014e-01
     0.300000       0.050000  -1.58096107e-01
     0.350000       0.050000  -1.69708248e-01
     0.400000       0.050000  -1.76793365e-01
     0.450000       0.050000  -1.79377350e-01
     0.500000       0.050000  -1.77519970e-01
     0.550000       0.050000  -1.71311315e-01
     0.600000       0.050000  -1.60869779e-01
     0.650000       0.050000  -1.46341194e-01
     0.700000       0.050000  -1.27899100e-01
     0.750000       0.050000  -1.05746595e-01
     0.800000       0.050000  -8.01209162e-02
     0.850000       0.050000  -5.13036642e-02
     0.900000       0.050000  -1.96443444e-02
     0.950000       0.050000   1.43804263e-02
     1.000000       0.050000   5.00000000e-02
     0.000000       0.100000   0.00000000e+00
     0.050000       0.100000  -2.51887005e-02
     0.100000       0.100000  -4.88686701e-02
     0.150000       0.100000  -7.00613988e-02
     0.200000       0.100000  -8.81713816e-02
     0.250000       0.100000  -1.02837073e-01
     0.300000       0.100000  -1.13841019e-01
     0.350000       0.100000  -1.21059940e-01
     0.400000       0.100000  -1.24436852e-01
     0.450000       0.100000  -1.23965017e-01
     0.500000       0.100000  -1.19678442e-01
     0.550000       0.100000  -1.11646251e-01
     0.600000       0.100000  -9.99696142e-02
     0.650000       0.100000  -8.47806516e-02
     0.700000       0.100000  -6.62433016e-02
     0.750000       0.100000  -4.45566700e-02
     0.800000       0.100000  -1.99621844e-02
     0.850000       0.100000   7.24266687e-03
     0.900000       0.100000   3.66785528e-02
     0.950000       0.100000   6.78368255e-02
     1.000000       0.100000   1.00000000e-01
     0.000000       0.150000   0.00000000e+00
     0.050000       0.150000  -1.68255878e-02
     0.100000       0.150000  -3.26513199e-02
     0.150000       0.150000  -4.66917956e-02
     0.200000       0.150000  -5.83891466e-02
     0.250000       0.150000  -6.73648722e-02
     0.300000       0.150000  -7.33709477e-02
     0.350000       0.150000  -7.62536311e-02
     0.400000       0.150000  -7.59290772e-02
     0.450000       0.150000  -7.23674157e-02
     0.500000       0.150000  -6.55825178e-02
     0.550000       0.150000  -5.56256232e-02
     0.600000       0.150000  -4.25817656e-02
     0.650000       0.150000  -2.65684871e-02
     0.700000       0.150000  -7.73677666e-03
     0.750000       0.150000   1.37254081e-02
     0.800000       0.150000   3.75861876e-02
     0.850000       0.150000   6.35579678e-02
     0.900000       0.150000   9.12790663e-02
     0.950000       0.150000   1.20288324e-01
     1.000000       0.150000   1.50000000e-01
     0.000000       0.200000   0.00000000e+00
     0.050000       0.200000  -9.46232864e-03
     0.100000       0.200000  -1.82192214e-02
     0.150000       0.200000  -2.56653106e-02
     0.200000       0.200000  -3.13285285e-02
     0.250000       0.200000  -3.48623107e-02
     0.300000       0.200000  -3.60242565e-02
     0.350000       0.200000  -3.46545467e-02
     0.400000       0.200000  -3.06583957e-02
     0.450000       0.200000  -2.39930361e-02
     0.500000       0.200000  -1.46585760e-02
     0.550000       0.200000  -2.69194404e-03
     0.600000       0.200000   1.18366761e-02
     0.650000       0.200000   2.88252585e-02
     0.700000       0.200000   4.81392859e-02
     0.750000       0.200000   6.96089017e-02
     0.800000       0.200000   9.30235674e-02
     0.850000       0.200000   1.18123957e-01
     0.900000       0.200000   1.44591425e-01
     0.950000       0.200000   1.72037408e-01
     1.000000       0.200000   2.00000000e-01
     0.000000       0.250000   0.00000000e+00
     0.050000       0.250000  -2.80450229e-03
     0.100000       0.250000  -5.09792090e-03
     0.150000       0.250000  -6.42168798e-03
     0.200000       0.250000  -6.39733517e-03
     0.250000       0.250000  -4.73157200e-03
     0.300000       0.250000  -1.20920565e-03
     0.350000       0.250000   4.31811342e-03
     0.400000       0.250000   1.19430950e-02
     0.450000       0.250000   2.17122618e-02
     0.500000       0.250000   3.36332127e-02
     0.550000       0.250000   4.76797657e-02
     0.600000       0.250000   6.37951735e-02
     0.650000       0.250000   8.18935760e-02
     0.700000       0.250000   1.01859775e-01
     0.750000       0.250000   1.23547359e-01
     0.800000       0.250000   1.46775234e-01
     0.850000       0.250000   1.71322877e-01
     0.900000       0.250000   1.96925274e-01
     0.950000       0.250000   2.23269886e-01
     1.000000       0.250000   2.50000000e-01
     0.000000       0.300000   0.00000000e+00
     0.050000       0.300000   3.34224394e-03
     0.100000       0.300000   7.05373518e-03
     0.150000       0.300000   1.14738250e-02
     0.200000       0.300000   1.68924613e-02
     0.250000       0.300000   2.35425795e-02
     0.300000       0.300000   3.16009110e-02
     0.350000       0.300000   4.11931312e-02
     0.400000       0.300000   5.24004224e-02
     0.450000       0.300000   6.52657981e-02
     0.500000       0.300000   7.97994222e-02
     0.550000       0.300000   9.59826432e-02
     0.600000       0.300000   1.13770698e-01
     0.650000       0.300000   1.33094117e-01
     0.700000       0.300000   1.53858899e-01
     0.750000       0.300000   1.75945541e-01
     0.800000       0.300000   1.99207147e-01
     0.850000       0.300000   2.23467053e-01
     0.900000       0.300000   2.48516915e-01
     0.950000       0.300000   2.74116865e-01
     1.000000       0.300000   3.00000000e-01
     0.000000       0.350000   0.00000000e+00
     0.050000       0.350000   9.11974696e-03
     0.100000       0.350000   1.84968007e-02
     0.150000       0.350000   2.83708034e-02
     0.200000       0.350000   3.89507912e-02
     0.250000       0.350000   5.04085361e-02
     0.300000       0.350000   6.28771600e-02
     0.350000       0.350000   7.64531014e-02
     0.400000       0.350000   9.11996898e-02
     0.450000       0.350000   1.07151112e-01
     0.500000       0.350000   1.24316061e-01
     0.550000       0.350000   1.42680713e-01
     0.600000       0.350000   1.62210882e-01
     0.650000       0.350000   1.82853319e-01
     0.700000       0.350000   2.04536182e-01
     0.750000       0.350000   2.27168777e-01
     0.800000       0.350000   2.50640775e-01
     0.850000       0.350000   2.74821286e-01
     0.900000       0.350000   2.99558475e-01
     0.950000       0.350000   3.24680662e-01
     1.000000       0.350000   3.50000000e-01
     0.000000       0.400000   0.00000000e+00
     0.050000       0.400000   1.46399477e-02
     0.100000       0.400000   2.94429261e-02
     0.150000       0.400000   4.45618097e-02
     0.200000       0.400000   6.01313808e-02
     0.250000       0.400000   7.62636341e-02
     0.300000       0.400000   9.30461147e-02
     0.350000       0.400000   1.10542450e-01
     0.400000       0.400000   1.28794151e-01
     0.450000       0.400000   1.47822927e-01
     0.500000       0.400000   1.67633025e-01
     0.550000       0.400000   1.88213294e-01
     0.600000       0.400000   2.09538826e-01
     0.650000       0.400000   2.31572121e-01
     0.700000       0.400000   2.54263756e-01
     0.750000       0.400000   2.77552632e-01
     0.800000       0.400000   3.01365906e-01
     0.850000       0.400000   3.25618854e-01
     0.900000       0.400000   3.50215047e-01
     0.950000       0.400000   3.75047313e-01
     1.000000       0.400000   4.00000000e-01
     0.000000       0.450000   0.00000000e+00
     0.050000       0.450000   1.99971224e-02
     0.100000       0.450000   4.00731560e-02
     0.150000       0.450000   6.03021423e-02
     0.200000       0.450000   8.07493060e-02
     0.250000       0.450000   1.01468527e-01
     0.300000       0.450000   1.22501239e-01
     0.350000       0.450000   1.43876461e-01
     0.400000       0.450000   1.65611566e-01
     0.450000       0.450000   1.87713450e-01
     0.500000       0.450000   2.10179849e-01
     0.550000       0.450000   2.33000641e-01
     0.600000       0.450000   2.56159037e-01
     0.650000       0.450000   2.79632609e-01
     0.700000       0.450000   3.03394114e-01
     0.750000       0.450000   3.27412111e-01
     0.800000       0.450000   3.51651380e-01
     0.850000       0.450000   3.76073193e-01
     0.900000       0.450000   4.00635553e-01
     0.950000       0.450000   4.25293550e-01
     1.000000       0.450000   4.50000000e-01
     0.000000       0.500000   0.00000000e+00
     0.050000       0.500000   2.52753910e-02
     0.100000       0.500000   5.05504429e-02
     0.150000       0.500000   7.58243120e-02
     0.200000       0.500000   1.01095193e-01
     0.250000       0.500000   1.26359950e-01
     0.300000       0.500000   1.51613879e-01
     0.350000       0.500000   1.76850618e-01
     0.400000       0.500000   2.02062232e-01
     0.450000       0.500000   2.27239490e-01
     0.500000       0.500000   2.52372312e-01
     0.550000       0.500000   2.77450415e-01
     0.600000       0.500000   3.02464103e-01
     0.650000       0.500000   3.27405193e-01
     0.700000       0.500000   3.52268006e-01
     0.750000       0.500000   3.77050341e-01
     0.800000       0.500000   4.01754328e-01
     0.850000       0.500000   4.26386999e-01
     0.900000       0.500000   4.50960432e-01
     0.950000       0.500000   4.75491338e-01
     1.000000       0.500000   5.00000000e-01
     0.000000       0.550000   0.00000000e+00
     0.050000       0.550000   3.05540036e-02
     0.100000       0.550000   6.10289224e-02
     0.150000       0.550000   9.13494848e-02
     0.200000       0.550000   1.21447222e-01
     0.250000       0.550000   1.51262225e-01
     0.300000       0.550000   1.80743736e-01
     0.350000       0.550000   2.09849927e-01
     0.400000       0.550000   2.38547287e-01
     0.450000       0.550000   2.66809996e-01
     0.500000       0.550000   2.94619527e-01
     0.550000       0.550000   3.21964635e-01
     0.600000       0.550000   3.48841797e-01
     0.650000       0.550000   3.75256083e-01
     0.700000       0.550000   4.01222400e-01
     0.750000       0.550000   4.26766943e-01
     0.800000       0.550000   4.51928613e-01
     0.850000       0.550000   4.76760056e-01
     0.900000       0.550000   5.01327850e-01
     0.950000       0.550000   5.25711374e-01
     1.000000       0.550000   5.50000000e-01
     0.000000       0.600000   0.00000000e+00
     0.050000       0.600000   3.59117061e-02
     0.100000       0.600000   7.16617683e-02
     0.150000       0.600000   1.07097497e-01
     0.200000       0.600000   1.42082004e-01
     0.250000       0.600000   1.76498014e-01
     0.300000       0.600000   2.10248940e-01
     0.350000       0.600000   2.43258094e-01
     0.400000       0.600000   2.75467022e-01
     0.450000       0.600000   3.06833712e-01
     0.500000       0.600000   3.37331196e-01
     0.550000       0.600000   3.66946834e-01
     0.600000       0.600000   3.95682397e-01
     0.650000       0.600000   4.23554971e-01
     0.700000       0.600000   4.50598595e-01
     0.750000       0.600000   4.76866438e-01
     0.800000       0.600000   5.02433143e-01
     0.850000       0.600000   5.27396776e-01
     0.900000       0.600000   5.51879546e-01
     0.950000       0.600000   5.76026314e-01
     1.000000       0.600000   6.00000000e-01
     0.000000       0.650000   0.00000000e+00
     0.050000       0.650000   4.14310573e-02
     0.100000       0.650000   8.26089568e-02
     0.150000       0.650000   1.23296746e-01
     0.200000       0.650000   1.63285300e-01
     0.250000       0.650000   2.02398909e-01
     0.300000       0.650000   2.40495940e-01
     0.350000       0.650000   2.77466516e-01
     0.400000       0.650000   3.13229026e-01
     0.450000       0.650000   3.47726663e-01
     0.500000       0.650000   3.80924741e-01
     0.550000       0.650000   4.12809139e-01
     0.600000       0.650000   4.43386016e-01
     0.650000       0.650000   4.72682835e-01
     0.700000       0.650000   5.00750597e-01
     0.750000       0.650000   5.27667094e-01
     0.800000       0.650000   5.53540764e-01
     0.850000       0.650000   5.78514372e-01
     0.900000       0.650000   6.02767254e-01
     0.950000       0.650000   6.26514342e-01
     1.000000       0.650000   6.50000000e-01
     0.000000       0.700000   0.00000000e+00
     0.050000       0.700000   4.72035708e-02
     0.100000       0.700000   9.40462643e-02
     0.150000       0.700000   1.40195244e-01
     0.200000       0.700000   1.85363556e-01
     0.250000       0.700000   2.29316404e-01
     0.300000       0.700000   2.71869417e-01
     0.350000       0.700000   3.12883030e-01
     0.400000       0.700000   3.52255929e-01
     0.450000       0.700000   3.89919200e-01
     0.500000       0.700000   4.25831996e-01
     0.550000       0.700000   4.59978992e-01
     0.600000       0.700000   4.92369721e-01
     0.650000       0.700000   5.23039783e-01
     0.700000       0.700000   5.52053886e-01
     0.750000       0.700000   5.79510597e-01
     0.800000       0.700000   6.05548465e-01
     0.850000       0.700000   6.30352707e-01
     0.900000       0.700000   6.54160767e-01
     0.950000       0.700000   6.77263802e-01
     1.000000       0.700000   7.00000000e-01
     0.000000       0.750000   0.00000000e+00
     0.050000       0.750000   5.33369657e-02
     0.100000       0.750000   1.06177294e-01
     0.150000       0.750000   1.58074421e-01
     0.200000       0.750000   2.08657293e-01
     0.250000       0.750000   2.57633753e-01
     0.300000       0.750000   3.04782314e-01
     0.350000       0.750000   3.49940283e-01
     0.400000       0.750000   3.92992484e-01
     0.450000       0.750000   4.33862239e-01
     0.500000       0.750000   4.72505078e-01
     0.550000       0.750000   5.08905138e-01
     0.600000       0.750000   5.43074116e-01
     0.650000       0.750000   5.75052712e-01
     0.700000       0.750000   6.04914588e-01
     0.750000       0.750000   6.32772960e-01
     0.800000       0.750000   6.58789806e-01
     0.850000       0.750000   6.83187236e-01
     0.900000       0.750000   7.06259312e-01
     0.950000       0.750000   7.28380103e-01
     1.000000       0.750000   7.50000000e-01
     0.000000       0.800000   0.00000000e+00
     0.050000       0.800000   5.99670021e-02
     0.100000       0.800000   1.19251530e-01
     0.150000       0.800000   1.77267864e-01
     0.200000       0.800000   2.33557453e-01
     0.250000       0.800000   2.87779019e-01
     0.300000       0.800000   3.39685820e-01
     0.350000       0.800000   3.89103324e-01
     0.400000       0.800000   4.35911507e-01
     0.450000       0.800000   4.80032215e-01
     0.500000       0.800000   5.21420961e-01
     0.550000       0.800000   5.60062388e-01
     0.600000       0.800000   5.95968917e-01
     0.650000       0.800000   6.29182381e-01
     0.700000       0.800000   6.59778814e-01
     0.750000       0.800000   6.87876867e-01
     0.800000       0.800000   7.13650577e-01
     0.850000       0.800000   7.37347129e-01
     0.900000       0.800000   7.59309149e-01
     0.950000       0.800000   7.79997304e-01
     1.000000       0.800000   8.00000000e-01
     0.000000       0.850000   0.00000000e+00
     0.050000       0.850000   6.72795152e-02
     0.100000       0.850000   1.33593968e-01
     0.150000       0.850000   1.98188059e-01
     0.200000       0.850000   2.60525649e-01
     0.250000       0.850000   3.20239064e-01
     0.300000       0.850000   3.77078636e-01
     0.350000       0.850000   4.30875705e-01
     0.400000       0.850000   4.81518023e-01
     0.450000       0.850000   5.28934174e-01
     0.500000       0.850000   5.73084181e-01
     0.550000       0.850000   6.13954555e-01
     0.600000       0.850000   6.51556800e-01
     0.650000       0.850000   6.85929097e-01
     0.700000       0.850000   7.17141434e-01
     0.750000       0.850000   7.45305129e-01
     0.800000       0.850000   7.70588516e-01
     0.850000       0.850000   7.93241563e-01
     0.900000       0.850000   8.13632856e-01
     0.950000       0.850000   8.32299965e-01
     1.000000       0.850000   8.50000000e-01
     0.000000       0.900000   0.00000000e+00
     0.050000       0.900000   7.55570933e-02
     0.100000       0.900000   1.49656771e-01
     0.150000       0.900000   2.21364762e-01
     0.200000       0.900000   2.90118029e-01
     0.250000       0.900000   3.55572960e-01
     0.300000       0.900000   4.17513969e-01
     0.350000       0.900000   4.75802848e-01
     0.400000       0.900000   5.30350722e-01
     0.450000       0.900000   5.81102289e-01
     0.500000       0.900000   6.28027049e-01
     0.550000       0.900000   6.71114865e-01
     0.600000       0.900000   7.10374646e-01
     0.650000       0.900000   7.45835787e-01
     0.700000       0.900000   7.77552708e-01
     0.750000       0.900000   8.05613711e-01
     0.800000       0.900000   8.30156803e-01
     0.850000       0.900000   8.51397759e-01
     0.900000       0.900000   8.69680752e-01
     0.950000       0.900000   8.85569704e-01
     1.000000       0.900000   9.00000000e-01
     0.000000       0.950000   0.00000000e+00
     0.050000       0.950000   8.52920889e-02
     0.100000       0.950000   1.68111263e-01
     0.150000       0.950000   2.47496194e-01
     0.200000       0.950000   3.23008752e-01
     0.250000       0.950000   3.94420787e-01
     0.300000       0.950000   4.61601439e-01
     0.350000       0.950000   5.24471005e-01
     0.400000       0.950000   5.82979736e-01
     0.450000       0.950000   6.37097223e-01
     0.500000       0.950000   6.86806871e-01
     0.550000       0.950000   7.32103218e-01
     0.600000       0.950000   7.72991142e-01
     0.650000       0.950000   8.09486708e-01
     0.700000       0.950000   8.41619906e-01
     0.750000       0.950000   8.69440212e-01
     0.800000       0.950000   8.93027233e-01
     0.850000       0.950000   9.12511920e-01
     0.900000       0.950000   9.28122692e-01
     0.950000       0.950000   9.40298099e-01
     1.000000       0.950000   9.50000000e-01
     0.000000       1.000000   0.00000000e+00
     0.050000       1.000000   9.75000000e-02
     0.100000       1.000000   1.90000000e-01
     0.150000       1.000000   2.77500000e-01
     0.200000       1.000000   3.60000000e-01
     0.250000       1.000000   4.37500000e-01
     0.300000       1.000000   5.10000000e-01
     0.350000       1.000000   5.77500000e-01
     0.400000       1.000000   6.40000000e-01
     0.450000       1.000000   6.97500000e-01
     0.500000       1.000000   7.50000000e-01
     0.550000       1.000000   7.97500000e-01
     0.600000       1.000000   8.40000000e-01
     0.650000       1.000000   8.77500000e-01
     0.700000       1.000000   9.10000000e-01
     0.750000       1.000000   9.37500000e-01
     0.800000       1.000000   9.60000000e-01
     0.850000       1.000000   9.77500000e-01
     0.900000       1.000000   9.90000000e-01
     0.950000       1.000000   9.97500000e-01
     1.000000       1.000000   1.00000000e+00
